                            OLS Regression Results                            
==============================================================================
Dep. Variable:           daily_return   R-squared:                       0.002
Model:                            OLS   Adj. R-squared:                  0.000
Method:                 Least Squares   F-statistic:                     1.081
Date:                Sat, 09 May 2026   Prob (F-statistic):              0.254
Time:                        18:10:45   Log-Likelihood:            -1.6605e+05
No. Observations:               80268   AIC:                         3.324e+05
Df Residuals:                   80142   BIC:                         3.335e+05
Df Model:                         125                                         
Covariance Type:            nonrobust                                         
======================================================================================
                         coef    std err          t      P>|t|      [0.025      0.975]
--------------------------------------------------------------------------------------
Intercept              0.0273      0.035      0.789      0.430      -0.041       0.095
C(ticker)[T.BAC]       0.0250      0.049      0.510      0.610      -0.071       0.121
C(ticker)[T.BACHY]    -0.0035      0.049     -0.072      0.943      -0.099       0.092
C(ticker)[T.BCMXY]     0.0470      0.071      0.661      0.509      -0.092       0.187
C(ticker)[T.BCS]       0.0082      0.049      0.168      0.866      -0.088       0.104
C(ticker)[T.BK]        0.0311      0.049      0.636      0.525      -0.065       0.127
C(ticker)[T.BNPQY]     0.0049      0.049      0.101      0.920      -0.091       0.101
C(ticker)[T.C]         0.0212      0.049      0.434      0.664      -0.075       0.117
C(ticker)[T.CICHY]    -0.0017      0.049     -0.034      0.973      -0.098       0.094
C(ticker)[T.DB]       -0.0075      0.049     -0.154      0.877      -0.103       0.088
C(ticker)[T.GS]        0.0463      0.049      0.946      0.344      -0.050       0.142
C(ticker)[T.HSBC]     -0.0012      0.049     -0.024      0.981      -0.097       0.095
C(ticker)[T.IDCBY]    -0.0057      0.049     -0.117      0.907      -0.102       0.090
C(ticker)[T.ING]       0.0213      0.049      0.435      0.664      -0.075       0.117
C(ticker)[T.JPM]       0.0403      0.049      0.823      0.410      -0.056       0.136
C(ticker)[T.MFG]       0.0098      0.049      0.201      0.841      -0.086       0.106
C(ticker)[T.MS]        0.0525      0.049      1.073      0.283      -0.043       0.148
C(ticker)[T.MUFG]      0.0241      0.049      0.492      0.623      -0.072       0.120
C(ticker)[T.RY]        0.0134      0.049      0.275      0.783      -0.082       0.109
C(ticker)[T.SAN]       0.0056      0.049      0.115      0.908      -0.090       0.102
C(ticker)[T.SCBFF]     0.0277      0.052      0.536      0.592      -0.074       0.129
C(ticker)[T.SCGLY]     0.0092      0.049      0.187      0.851      -0.087       0.105
C(ticker)[T.SMFG]      0.0177      0.049      0.361      0.718      -0.078       0.114
C(ticker)[T.STT]       0.0181      0.049      0.369      0.712      -0.078       0.114
C(ticker)[T.TD]        0.0089      0.049      0.181      0.856      -0.087       0.105
C(ticker)[T.UBS]       0.0127      0.049      0.261      0.794      -0.083       0.109
C(ticker)[T.WFC]       0.0054      0.049      0.111      0.912      -0.090       0.101
topic_0_lag1          -1.6788      1.355     -1.238      0.216      -4.336       0.978
topic_1_lag1          -1.4434      1.107     -1.304      0.192      -3.614       0.727
topic_2_lag1           0.9613      1.355      0.709      0.478      -1.695       3.618
topic_4_lag1          -0.1123      1.107     -0.102      0.919      -2.282       2.057
topic_5_lag1           1.8594      1.917      0.970      0.332      -1.898       5.617
topic_6_lag1           1.9011      1.565      1.215      0.225      -1.167       4.969
topic_8_lag1           1.0931      1.356      0.806      0.420      -1.564       3.750
topic_9_lag1          -0.6677      1.917     -0.348      0.728      -4.425       3.090
topic_11_lag1         -0.8661      1.355     -0.639      0.523      -3.523       1.791
topic_13_lag1          0.2946      0.959      0.307      0.759      -1.584       2.173
topic_15_lag1         -0.4497      1.917     -0.235      0.815      -4.207       3.308
topic_16_lag1          0.4622      0.378      1.223      0.221      -0.278       1.203
topic_18_lag1         -0.9423      1.917     -0.492      0.623      -4.699       2.815
topic_20_lag1          2.2424      1.355      1.654      0.098      -0.414       4.899
topic_21_lag1         -1.9294      1.355     -1.423      0.155      -4.586       0.727
topic_23_lag1          0.2427      0.320      0.758      0.449      -0.385       0.871
topic_24_lag1          4.8381      1.917      2.524      0.012       1.081       8.595
topic_25_lag1          0.4403      0.958      0.459      0.646      -1.438       2.319
topic_26_lag1         -0.8025      1.355     -0.592      0.554      -3.459       1.854
topic_28_lag1          0.1098      1.356      0.081      0.935      -2.547       2.767
topic_30_lag1         -1.2851      1.917     -0.670      0.503      -5.042       2.472
topic_32_lag1          0.8173      1.355      0.603      0.547      -1.839       3.474
topic_33_lag1         -0.3661      1.917     -0.191      0.849      -4.123       3.391
topic_34_lag1          0.1469      1.917      0.077      0.939      -3.610       3.904
topic_36_lag1          0.4348      1.107      0.393      0.694      -1.734       2.604
topic_39_lag1         -1.1402      1.917     -0.595      0.552      -4.897       2.617
topic_41_lag1          6.5867      1.565      4.208      0.000       3.519       9.654
topic_42_lag1         -0.6435      1.355     -0.475      0.635      -3.300       2.013
topic_46_lag1         -0.4345      0.959     -0.453      0.650      -2.314       1.445
topic_51_lag1         -0.1382      1.917     -0.072      0.943      -3.895       3.619
topic_54_lag1          1.3760      1.107      1.243      0.214      -0.793       3.546
topic_58_lag1         -0.3015      0.475     -0.635      0.526      -1.233       0.630
topic_60_lag1         -0.3034      1.917     -0.158      0.874      -4.061       3.454
topic_63_lag1          0.6367      1.917      0.332      0.740      -3.121       4.394
topic_67_lag1          0.2217      0.513      0.432      0.665      -0.783       1.226
topic_68_lag1         -0.8314      1.917     -0.434      0.664      -4.589       2.926
topic_75_lag1         -2.6978      1.917     -1.407      0.159      -6.455       1.059
topic_78_lag1          1.8814      1.355      1.388      0.165      -0.775       4.538
topic_81_lag1         -0.0401      1.917     -0.021      0.983      -3.797       3.717
topic_84_lag1         -0.0523      1.917     -0.027      0.978      -3.810       3.705
topic_87_lag1         -0.2164      1.917     -0.113      0.910      -3.974       3.541
topic_90_lag1         -0.8938      1.107     -0.808      0.419      -3.063       1.276
topic_95_lag1         -1.1348      1.917     -0.592      0.554      -4.892       2.622
topic_96_lag1          0.3358      1.107      0.303      0.762      -1.833       2.505
topic_102_lag1         0.0839      0.959      0.088      0.930      -1.795       1.963
topic_112_lag1         0.9810      1.917      0.512      0.609      -2.776       4.738
topic_114_lag1         0.3742      1.917      0.195      0.845      -3.383       4.131
topic_122_lag1        -0.1687      1.356     -0.124      0.901      -2.826       2.488
topic_131_lag1        -0.7392      0.495     -1.493      0.135      -1.709       0.231
topic_135_lag1        -1.6467      2.348     -0.701      0.483      -6.248       2.955
topic_136_lag1         0.3409      1.917      0.178      0.859      -3.416       4.098
topic_137_lag1        -1.5696      1.917     -0.819      0.413      -5.327       2.188
topic_141_lag1         2.3743      1.917      1.239      0.216      -1.383       6.131
topic_147_lag1        -0.1820      0.430     -0.423      0.672      -1.024       0.660
topic_150_lag1        -3.8448      2.348     -1.638      0.102      -8.446       0.757
topic_156_lag1         1.1176      0.559      1.998      0.046       0.021       2.214
topic_157_lag1         3.2725      1.917      1.707      0.088      -0.485       7.030
topic_161_lag1        -3.0049      1.917     -1.568      0.117      -6.762       0.752
topic_169_lag1         0.5024      1.107      0.454      0.650      -1.667       2.672
topic_177_lag1         0.1725      0.594      0.291      0.771      -0.991       1.336
topic_192_lag1         0.4172      1.917      0.218      0.828      -3.340       4.174
topic_193_lag1         0.7987      0.640      1.248      0.212      -0.456       2.053
topic_204_lag1         0.0851      1.107      0.077      0.939      -2.084       2.254
topic_209_lag1         0.1185      1.917      0.062      0.951      -3.639       3.876
topic_211_lag1         0.2793      0.958      0.291      0.771      -1.599       2.158
topic_216_lag1         0.7193      1.917      0.375      0.708      -3.038       4.476
topic_242_lag1         1.4738      1.917      0.769      0.442      -2.283       5.231
topic_253_lag1        -0.0230      0.969     -0.024      0.981      -1.922       1.876
topic_260_lag1        -0.0169      1.917     -0.009      0.993      -3.774       3.740
topic_266_lag1         0.6419      1.917      0.335      0.738      -3.115       4.399
topic_267_lag1        -2.3970      1.917     -1.250      0.211      -6.154       1.360
topic_290_lag1         0.4403      0.958      0.459      0.646      -1.438       2.319
topic_298_lag1        -0.3744      1.917     -0.195      0.845      -4.132       3.383
topic_300_lag1         2.5686      1.107      2.321      0.020       0.399       4.738
topic_305_lag1        -5.9682      1.917     -3.113      0.002      -9.725      -2.211
topic_311_lag1         0.5148      1.917      0.269      0.788      -3.242       4.272
topic_313_lag1         0.5162      1.410      0.366      0.714      -2.246       3.279
topic_316_lag1         0.3171      1.917      0.165      0.869      -3.440       4.074
topic_318_lag1         1.0526      1.917      0.549      0.583      -2.705       4.810
topic_371_lag1        -0.1726      1.917     -0.090      0.928      -3.930       3.585
topic_392_lag1        -0.7385      1.917     -0.385      0.700      -4.496       3.019
topic_394_lag1        -3.0854      1.355     -2.276      0.023      -5.742      -0.429
topic_408_lag1         3.5555      1.917      1.855      0.064      -0.202       7.313
topic_420_lag1         0.1618      0.725      0.223      0.823      -1.258       1.582
topic_441_lag1        -0.4903      0.959     -0.511      0.609      -2.369       1.388
topic_452_lag1        -2.5539      1.917     -1.332      0.183      -6.311       1.203
topic_460_lag1         1.7176      1.917      0.896      0.370      -2.040       5.475
topic_479_lag1         0.2408      0.495      0.486      0.627      -0.730       1.212
topic_489_lag1        -0.7382      1.356     -0.545      0.586      -3.395       1.919
topic_494_lag1         1.9139      1.917      0.998      0.318      -1.843       5.671
topic_495_lag1        -0.7552      1.917     -0.394      0.694      -4.512       3.002
topic_509_lag1         0.5622      1.917      0.293      0.769      -3.195       4.319
topic_538_lag1        -1.1549      1.917     -0.602      0.547      -4.912       2.602
topic_569_lag1        -0.6516      1.107     -0.589      0.556      -2.821       1.518
topic_578_lag1        -2.2342      0.578     -3.862      0.000      -3.368      -1.100
topic_596_lag1         0.0979      1.917      0.051      0.959      -3.659       3.855
topic_606_lag1         1.0500      0.858      1.224      0.221      -0.631       2.731
topic_609_lag1         0.2793      0.958      0.291      0.771      -1.599       2.158
topic_626_lag1         0.9216      0.958      0.962      0.336      -0.957       2.800
topic_629_lag1         1.9907      1.917      1.038      0.299      -1.767       5.748
topic_633_lag1        -1.1000      1.917     -0.574      0.566      -4.857       2.657
==============================================================================
Omnibus:                    15163.400   Durbin-Watson:                   1.176
Prob(Omnibus):                  0.000   Jarque-Bera (JB):           444681.544
Skew:                          -0.088   Prob(JB):                         0.00
Kurtosis:                      14.529   Cond. No.                     1.13e+16
==============================================================================

Notes:
[1] Standard Errors assume that the covariance matrix of the errors is correctly specified.
[2] The smallest eigenvalue is 6.52e-28. This might indicate that there are
strong multicollinearity problems or that the design matrix is singular.