                            OLS Regression Results                            
==============================================================================
Dep. Variable:       daily_adj_return   R-squared:                       0.093
Model:                            OLS   Adj. R-squared:                  0.011
Method:                 Least Squares   F-statistic:                     1.127
Date:                Sat, 23 May 2026   Prob (F-statistic):             0.0698
Time:                        22:42:38   Log-Likelihood:                -7704.2
No. Observations:                3734   AIC:                         1.603e+04
Df Residuals:                    3421   BIC:                         1.798e+04
Df Model:                         312                                         
Covariance Type:            nonrobust                                         
======================================================================================
                         coef    std err          t      P>|t|      [0.025      0.975]
--------------------------------------------------------------------------------------
Intercept              0.1128      0.228      0.494      0.621      -0.335       0.560
C(ticker)[T.BAC]      -0.0896      0.287     -0.313      0.755      -0.651       0.472
C(ticker)[T.BACHY]     0.0618      0.323      0.191      0.848      -0.572       0.696
C(ticker)[T.BCMXY]    -0.0497      0.323     -0.154      0.878      -0.683       0.583
C(ticker)[T.BCS]      -0.3365      0.304     -1.108      0.268      -0.932       0.259
C(ticker)[T.BK]        0.1604      0.319      0.503      0.615      -0.465       0.786
C(ticker)[T.BNPQY]     0.1556      0.321      0.485      0.628      -0.474       0.785
C(ticker)[T.C]         0.2723      0.293      0.929      0.353      -0.302       0.847
C(ticker)[T.CICHY]     0.0716      0.323      0.222      0.824      -0.561       0.705
C(ticker)[T.DB]       -0.5284      0.320     -1.652      0.099      -1.156       0.099
C(ticker)[T.GS]        0.0682      0.291      0.235      0.815      -0.502       0.638
C(ticker)[T.HSBC]     -0.1702      0.280     -0.607      0.544      -0.720       0.379
C(ticker)[T.IDCBY]     0.0455      0.323      0.141      0.888      -0.587       0.678
C(ticker)[T.ING]      -0.0951      0.331     -0.287      0.774      -0.743       0.553
C(ticker)[T.JPM]      -0.4109      0.275     -1.495      0.135      -0.950       0.128
C(ticker)[T.MFG]       0.0435      0.324      0.134      0.893      -0.592       0.679
C(ticker)[T.MS]       -0.1810      0.290     -0.623      0.533      -0.750       0.388
C(ticker)[T.MUFG]     -0.1064      0.320     -0.333      0.739      -0.733       0.521
C(ticker)[T.RY]       -0.1699      0.325     -0.522      0.602      -0.808       0.468
C(ticker)[T.SAN]      -0.3575      0.331     -1.080      0.280      -1.006       0.291
C(ticker)[T.SCBFF]     0.0377      0.324      0.116      0.907      -0.598       0.673
C(ticker)[T.SCGLY]    -0.0536      0.326     -0.164      0.870      -0.694       0.586
C(ticker)[T.SMFG]      0.0847      0.323      0.262      0.793      -0.548       0.718
C(ticker)[T.STT]       0.0443      0.326      0.136      0.892      -0.595       0.683
C(ticker)[T.TD]        0.0579      0.328      0.176      0.860      -0.586       0.702
C(ticker)[T.UBS]      -0.0592      0.301     -0.197      0.844      -0.650       0.532
C(ticker)[T.WFC]      -0.5601      0.296     -1.892      0.059      -1.140       0.020
topic_0_lag1           0.1573      0.165      0.955      0.340      -0.166       0.480
topic_1_lag1          -0.1784      0.242     -0.738      0.460      -0.652       0.295
topic_2_lag1          -0.1889      0.328     -0.576      0.565      -0.832       0.454
topic_3_lag1           0.1303      0.270      0.483      0.629      -0.398       0.659
topic_4_lag1           0.0129      0.321      0.040      0.968      -0.617       0.642
topic_5_lag1          -0.4696      0.357     -1.317      0.188      -1.169       0.230
topic_6_lag1          -0.1749      0.307     -0.569      0.569      -0.777       0.428
topic_7_lag1          -0.2456      0.333     -0.738      0.460      -0.898       0.407
topic_8_lag1           0.5395      0.499      1.082      0.279      -0.438       1.517
topic_9_lag1          -0.0573      0.460     -0.124      0.901      -0.960       0.845
topic_10_lag1         -0.4340      0.309     -1.403      0.161      -1.041       0.173
topic_11_lag1          0.3921      0.512      0.765      0.444      -0.612       1.396
topic_13_lag1          1.2498      0.823      1.519      0.129      -0.364       2.863
topic_14_lag1          0.1185      0.157      0.757      0.449      -0.188       0.425
topic_15_lag1         -0.0196      0.449     -0.044      0.965      -0.901       0.862
topic_16_lag1          0.6287      0.598      1.052      0.293      -0.543       1.801
topic_17_lag1          0.6314      0.901      0.701      0.483      -1.135       2.398
topic_18_lag1          0.2870      0.764      0.376      0.707      -1.210       1.784
topic_19_lag1          0.2129      0.641      0.332      0.740      -1.044       1.470
topic_20_lag1         -0.2285      0.510     -0.448      0.654      -1.229       0.772
topic_22_lag1         -0.9415      0.675     -1.395      0.163      -2.265       0.382
topic_23_lag1          1.4720      1.157      1.273      0.203      -0.796       3.740
topic_24_lag1          0.5684      0.546      1.041      0.298      -0.502       1.639
topic_25_lag1         -0.3128      0.761     -0.411      0.681      -1.806       1.180
topic_26_lag1         -0.2157      0.293     -0.735      0.462      -0.791       0.360
topic_27_lag1          0.7777      0.497      1.566      0.117      -0.196       1.751
topic_28_lag1         -1.3606      1.997     -0.681      0.496      -5.275       2.554
topic_29_lag1         -0.1655      1.415     -0.117      0.907      -2.939       2.608
topic_30_lag1          0.0333      0.614      0.054      0.957      -1.170       1.236
topic_31_lag1         -0.3175      0.440     -0.721      0.471      -1.180       0.545
topic_32_lag1         -0.4155      0.406     -1.023      0.307      -1.212       0.381
topic_33_lag1         -0.0298      0.544     -0.055      0.956      -1.096       1.036
topic_34_lag1         -1.2468      0.762     -1.636      0.102      -2.741       0.247
topic_35_lag1          0.4598      0.486      0.946      0.344      -0.493       1.412
topic_36_lag1          0.0394      0.388      0.101      0.919      -0.721       0.800
topic_37_lag1         -0.6923      0.565     -1.225      0.221      -1.800       0.416
topic_38_lag1          0.1112      0.899      0.124      0.902      -1.651       1.874
topic_39_lag1         -1.8044      0.526     -3.431      0.001      -2.836      -0.773
topic_41_lag1          0.5005      0.343      1.458      0.145      -0.172       1.173
topic_43_lag1         -0.8328      0.460     -1.811      0.070      -1.734       0.069
topic_45_lag1          0.7212      0.713      1.011      0.312      -0.677       2.119
topic_46_lag1         -0.1404      0.416     -0.337      0.736      -0.957       0.676
topic_48_lag1          0.9818      1.157      0.849      0.396      -1.286       3.250
topic_50_lag1          1.5851      1.996      0.794      0.427      -2.328       5.498
topic_51_lag1          0.1459      0.898      0.163      0.871      -1.614       1.906
topic_52_lag1          0.9742      0.711      1.369      0.171      -0.421       2.369
topic_53_lag1         -0.9566      1.998     -0.479      0.632      -4.874       2.961
topic_54_lag1         -2.4633      1.007     -2.446      0.014      -4.438      -0.489
topic_56_lag1         -1.9739      1.998     -0.988      0.323      -5.891       1.943
topic_57_lag1          0.0837      0.830      0.101      0.920      -1.545       1.712
topic_58_lag1          1.1523      1.997      0.577      0.564      -2.764       5.069
topic_59_lag1          0.4911      0.544      0.902      0.367      -0.576       1.559
topic_60_lag1         -0.1190      0.563     -0.211      0.833      -1.223       0.985
topic_61_lag1         -0.5976      0.899     -0.665      0.506      -2.360       1.165
topic_62_lag1         -0.1056      1.997     -0.053      0.958      -4.022       3.811
topic_63_lag1          1.0932      0.899      1.216      0.224      -0.669       2.856
topic_64_lag1         -0.6393      1.416     -0.451      0.652      -3.416       2.137
topic_65_lag1          1.1843      0.901      1.314      0.189      -0.583       2.951
topic_66_lag1         -0.6398      0.675     -0.948      0.343      -1.963       0.683
topic_67_lag1          0.0714      1.425      0.050      0.960      -2.723       2.865
topic_68_lag1         -0.0462      0.675     -0.068      0.945      -1.369       1.276
topic_69_lag1          0.8520      0.762      1.117      0.264      -0.643       2.347
topic_70_lag1         -0.1336      0.449     -0.297      0.766      -1.014       0.747
topic_71_lag1          0.7343      1.157      0.635      0.526      -1.534       3.002
topic_72_lag1          1.0434      1.997      0.522      0.601      -2.873       4.960
topic_73_lag1          0.0084      1.996      0.004      0.997      -3.905       3.921
topic_74_lag1          0.9526      0.587      1.622      0.105      -0.199       2.104
topic_76_lag1          0.2626      0.514      0.511      0.609      -0.744       1.270
topic_77_lag1         -1.0241      0.762     -1.344      0.179      -2.518       0.469
topic_78_lag1          0.0963      0.677      0.142      0.887      -1.231       1.423
topic_79_lag1         -0.7082      0.509     -1.391      0.164      -1.706       0.290
topic_80_lag1         -0.2116      1.157     -0.183      0.855      -2.480       2.057
topic_81_lag1         -0.7316      0.821     -0.891      0.373      -2.342       0.879
topic_82_lag1          1.3248      0.640      2.071      0.038       0.071       2.579
topic_83_lag1          0.3504      0.564      0.621      0.535      -0.756       1.457
topic_84_lag1         -1.3752      1.004     -1.370      0.171      -3.343       0.593
topic_85_lag1         -1.8777      1.157     -1.623      0.105      -4.146       0.390
topic_86_lag1         -0.9969      0.762     -1.308      0.191      -2.491       0.498
topic_88_lag1          1.4468      1.002      1.443      0.149      -0.519       3.412
topic_89_lag1         -0.1717      1.005     -0.171      0.864      -2.142       1.798
topic_90_lag1         -0.4247      0.514     -0.827      0.408      -1.432       0.582
topic_91_lag1          0.4859      0.394      1.233      0.218      -0.287       1.258
topic_92_lag1         -1.4138      1.414     -1.000      0.318      -4.187       1.359
topic_93_lag1          0.2359      0.641      0.368      0.713      -1.020       1.492
topic_94_lag1          0.2246      0.566      0.397      0.692      -0.885       1.334
topic_95_lag1         -1.2528      1.421     -0.882      0.378      -4.038       1.533
topic_96_lag1          0.1925      0.821      0.234      0.815      -1.418       1.803
topic_97_lag1          0.1251      0.528      0.237      0.813      -0.910       1.160
topic_98_lag1         -0.0774      2.000     -0.039      0.969      -3.998       3.843
topic_99_lag1         -0.9275      1.415     -0.655      0.512      -3.702       1.847
topic_100_lag1         0.4229      1.415      0.299      0.765      -2.352       3.198
topic_101_lag1        -2.8969      1.998     -1.450      0.147      -6.814       1.020
topic_102_lag1        -1.2013      0.674     -1.784      0.075      -2.522       0.119
topic_103_lag1         0.9376      0.821      1.142      0.254      -0.672       2.547
topic_104_lag1        -0.2732      2.002     -0.136      0.891      -4.199       3.653
topic_105_lag1        -0.5280      1.003     -0.526      0.599      -2.495       1.439
topic_106_lag1        -1.4253      1.414     -1.008      0.314      -4.199       1.348
topic_107_lag1         1.9223      1.414      1.359      0.174      -0.851       4.695
topic_109_lag1        -0.1915      1.996     -0.096      0.924      -4.105       3.722
topic_110_lag1         0.0617      1.996      0.031      0.975      -3.851       3.975
topic_111_lag1        -1.6013      1.998     -0.801      0.423      -5.519       2.316
topic_112_lag1        -0.2848      0.547     -0.521      0.602      -1.357       0.787
topic_113_lag1        -0.4705      0.678     -0.694      0.488      -1.799       0.858
topic_114_lag1         0.1861      1.004      0.185      0.853      -1.782       2.154
topic_115_lag1         0.8164      0.822      0.993      0.321      -0.796       2.428
topic_116_lag1         1.0195      0.501      2.034      0.042       0.037       2.002
topic_118_lag1         0.1580      1.012      0.156      0.876      -1.826       2.142
topic_119_lag1        -0.9299      1.004     -0.926      0.354      -2.898       1.038
topic_120_lag1        -1.0152      1.998     -0.508      0.611      -4.933       2.902
topic_122_lag1         0.5412      0.830      0.652      0.514      -1.086       2.169
topic_123_lag1        -0.1709      1.998     -0.086      0.932      -4.088       3.746
topic_124_lag1         1.2389      1.415      0.875      0.381      -1.536       4.014
topic_125_lag1         0.1459      1.415      0.103      0.918      -2.629       2.920
topic_126_lag1        -5.5491      1.998     -2.777      0.006      -9.467      -1.631
topic_127_lag1        -0.6844      1.156     -0.592      0.554      -2.951       1.582
topic_128_lag1         3.4325      2.002      1.714      0.087      -0.494       7.359
topic_129_lag1        -2.7394      1.415     -1.936      0.053      -5.514       0.035
topic_131_lag1        -0.5659      0.899     -0.630      0.529      -2.328       1.197
topic_132_lag1        -0.9843      0.714     -1.379      0.168      -2.384       0.415
topic_133_lag1         0.1144      0.614      0.186      0.852      -1.089       1.318
topic_134_lag1        -0.4016      0.566     -0.709      0.478      -1.512       0.709
topic_137_lag1        -0.0783      0.423     -0.185      0.853      -0.909       0.752
topic_138_lag1        -0.5890      0.902     -0.653      0.514      -2.358       1.180
topic_140_lag1        -0.1223      1.414     -0.086      0.931      -2.895       2.651
topic_141_lag1        -0.5431      1.997     -0.272      0.786      -4.458       3.371
topic_143_lag1        -0.3075      1.157     -0.266      0.790      -2.576       1.961
topic_145_lag1         0.2616      1.003      0.261      0.794      -1.705       2.228
topic_147_lag1         0.3966      0.760      0.522      0.602      -1.094       1.887
topic_148_lag1         0.5664      2.003      0.283      0.777      -3.362       4.494
topic_149_lag1         0.0561      0.821      0.068      0.946      -1.554       1.667
topic_151_lag1        -1.3728      1.156     -1.188      0.235      -3.639       0.893
topic_152_lag1         0.8091      1.003      0.807      0.420      -1.158       2.776
topic_154_lag1        -0.0089      1.998     -0.004      0.996      -3.926       3.909
topic_155_lag1         0.3045      1.996      0.153      0.879      -3.609       4.218
topic_156_lag1        -1.0249      0.900     -1.139      0.255      -2.789       0.740
topic_157_lag1         0.9020      1.414      0.638      0.524      -1.871       3.675
topic_158_lag1         2.6768      1.999      1.339      0.181      -1.242       6.596
topic_160_lag1        -0.9683      0.760     -1.275      0.203      -2.458       0.521
topic_161_lag1         2.5159      1.997      1.260      0.208      -1.400       6.432
topic_162_lag1         0.9294      1.415      0.657      0.511      -1.844       3.703
topic_163_lag1        -2.4764      2.004     -1.236      0.217      -6.406       1.453
topic_165_lag1         0.0340      1.996      0.017      0.986      -3.879       3.947
topic_166_lag1        -0.4051      1.998     -0.203      0.839      -4.323       3.512
topic_169_lag1        -0.5549      0.529     -1.049      0.294      -1.592       0.482
topic_170_lag1         1.2463      0.826      1.509      0.131      -0.373       2.865
topic_171_lag1        -1.4023      1.158     -1.211      0.226      -3.673       0.868
topic_173_lag1        -6.1181      1.998     -3.062      0.002     -10.035      -2.201
topic_174_lag1        -1.3638      2.004     -0.680      0.496      -5.294       2.566
topic_175_lag1        -1.0746      0.565     -1.903      0.057      -2.182       0.033
topic_176_lag1         1.2563      1.158      1.085      0.278      -1.015       3.527
topic_177_lag1         2.4757      1.996      1.240      0.215      -1.437       6.389
topic_178_lag1        -1.0509      1.998     -0.526      0.599      -4.968       2.866
topic_179_lag1         0.3347      0.327      1.023      0.306      -0.307       0.976
topic_180_lag1         4.4194      2.000      2.210      0.027       0.499       8.340
topic_181_lag1        -1.7971      1.414     -1.271      0.204      -4.570       0.976
topic_182_lag1        -0.9747      1.996     -0.488      0.625      -4.888       2.938
topic_184_lag1         0.7007      1.998      0.351      0.726      -3.217       4.619
topic_185_lag1         0.3157      1.997      0.158      0.874      -3.599       4.230
topic_186_lag1        -0.5408      1.414     -0.382      0.702      -3.314       2.232
topic_187_lag1         0.9286      0.675      1.375      0.169      -0.395       2.252
topic_188_lag1        -3.8900      1.996     -1.949      0.051      -7.803       0.023
topic_189_lag1        -0.6458      1.426     -0.453      0.651      -3.442       2.150
topic_190_lag1        -1.0515      0.646     -1.628      0.104      -2.318       0.215
topic_191_lag1        -0.2016      2.000     -0.101      0.920      -4.122       3.719
topic_192_lag1        -0.2885      1.416     -0.204      0.839      -3.065       2.488
topic_193_lag1         0.0776      1.415      0.055      0.956      -2.696       2.852
topic_195_lag1         0.0296      0.588      0.050      0.960      -1.123       1.182
topic_196_lag1         1.2140      1.159      1.047      0.295      -1.059       3.487
topic_197_lag1         0.1938      0.587      0.330      0.741      -0.958       1.346
topic_198_lag1         0.0221      0.606      0.036      0.971      -1.167       1.211
topic_199_lag1        -0.0647      0.822     -0.079      0.937      -1.677       1.548
topic_200_lag1         0.3555      0.822      0.432      0.665      -1.256       1.967
topic_201_lag1        -1.2169      1.414     -0.860      0.390      -3.990       1.556
topic_202_lag1        -1.7337      1.416     -1.225      0.221      -4.509       1.042
topic_203_lag1         1.0893      0.899      1.212      0.226      -0.672       2.851
topic_204_lag1         0.6816      1.003      0.679      0.497      -1.286       2.649
topic_205_lag1        -0.4984      0.715     -0.697      0.486      -1.900       0.903
topic_206_lag1        -0.5139      0.715     -0.718      0.473      -1.916       0.889
topic_209_lag1        -1.9097      0.898     -2.126      0.034      -3.671      -0.148
topic_210_lag1         0.3372      1.004      0.336      0.737      -1.631       2.305
topic_211_lag1        -0.6534      1.157     -0.565      0.572      -2.921       1.615
topic_212_lag1        -0.5694      1.157     -0.492      0.623      -2.837       1.699
topic_213_lag1         0.2467      1.159      0.213      0.831      -2.026       2.519
topic_214_lag1         0.3834      0.585      0.655      0.512      -0.764       1.531
topic_215_lag1         0.6704      2.004      0.335      0.738      -3.259       4.599
topic_216_lag1        -3.3629      1.419     -2.370      0.018      -6.145      -0.581
topic_217_lag1         0.4889      0.823      0.594      0.553      -1.126       2.103
topic_219_lag1         1.5763      1.415      1.114      0.266      -1.199       4.351
topic_220_lag1         0.6992      1.997      0.350      0.726      -3.217       4.615
topic_221_lag1        -1.8615      1.998     -0.932      0.352      -5.779       2.056
topic_223_lag1         0.0837      1.005      0.083      0.934      -1.887       2.054
topic_224_lag1         0.6574      2.003      0.328      0.743      -3.271       4.585
topic_226_lag1        -0.8721      0.637     -1.369      0.171      -2.121       0.377
topic_227_lag1         1.2047      0.900      1.339      0.181      -0.559       2.969
topic_228_lag1        -0.3403      1.415     -0.240      0.810      -3.115       2.434
topic_229_lag1         0.0364      2.003      0.018      0.985      -3.890       3.963
topic_230_lag1         1.7949      1.997      0.899      0.369      -2.121       5.711
topic_232_lag1        -0.0099      0.611     -0.016      0.987      -1.209       1.189
topic_233_lag1         0.8188      1.161      0.705      0.481      -1.457       3.094
topic_234_lag1         0.7097      1.999      0.355      0.723      -3.209       4.629
topic_235_lag1         0.3014      1.010      0.298      0.765      -1.679       2.282
topic_236_lag1         1.0439      1.414      0.738      0.461      -1.729       3.817
topic_239_lag1         1.1523      1.997      0.577      0.564      -2.764       5.069
topic_240_lag1        -1.0514      1.416     -0.743      0.458      -3.827       1.724
topic_242_lag1        -0.0634      1.997     -0.032      0.975      -3.980       3.853
topic_243_lag1         0.3040      1.416      0.215      0.830      -2.472       3.080
topic_244_lag1        -0.5750      1.418     -0.406      0.685      -3.355       2.205
topic_245_lag1        -1.5916      2.004     -0.794      0.427      -5.521       2.338
topic_246_lag1         0.6153      1.162      0.530      0.596      -1.662       2.893
topic_247_lag1        -0.0269      1.005     -0.027      0.979      -1.997       1.944
topic_248_lag1         1.0736      1.997      0.537      0.591      -2.843       4.990
topic_249_lag1         2.2082      1.417      1.558      0.119      -0.571       4.987
topic_250_lag1        -1.5367      1.414     -1.086      0.277      -4.310       1.236
topic_251_lag1        -0.4496      0.764     -0.589      0.556      -1.948       1.048
topic_252_lag1        -0.7501      1.415     -0.530      0.596      -3.525       2.024
topic_253_lag1        -0.5471      1.414     -0.387      0.699      -3.320       2.226
topic_254_lag1         0.7662      0.587      1.305      0.192      -0.385       1.917
topic_255_lag1         1.5063      0.717      2.101      0.036       0.101       2.912
topic_256_lag1         0.0075      1.157      0.006      0.995      -2.261       2.276
topic_257_lag1         0.2650      1.997      0.133      0.894      -3.651       4.181
topic_258_lag1        -0.2490      1.156     -0.215      0.830      -2.516       2.018
topic_261_lag1         0.7592      0.761      0.997      0.319      -0.734       2.252
topic_264_lag1        -1.1643      0.615     -1.894      0.058      -2.369       0.041
topic_267_lag1         1.0136      1.005      1.009      0.313      -0.957       2.984
topic_268_lag1        -0.9071      2.004     -0.453      0.651      -4.835       3.021
topic_269_lag1        -0.9523      0.822     -1.159      0.247      -2.563       0.659
topic_270_lag1        -2.2538      1.006     -2.240      0.025      -4.227      -0.281
topic_271_lag1         0.1087      1.998      0.054      0.957      -3.809       4.027
topic_272_lag1        -0.3015      0.821     -0.367      0.714      -1.912       1.309
topic_273_lag1         0.0626      0.899      0.070      0.944      -1.700       1.825
topic_276_lag1         0.7129      1.996      0.357      0.721      -3.200       4.626
topic_277_lag1         0.0003      1.005      0.000      1.000      -1.971       1.972
topic_278_lag1        -0.1485      1.998     -0.074      0.941      -4.066       3.769
topic_279_lag1        -1.7991      2.004     -0.898      0.369      -5.729       2.131
topic_281_lag1         0.3753      1.160      0.324      0.746      -1.898       2.649
topic_283_lag1         0.8677      1.415      0.613      0.540      -1.906       3.642
topic_285_lag1        -3.9843      1.998     -1.994      0.046      -7.902      -0.067
topic_294_lag1        -0.9152      1.004     -0.912      0.362      -2.883       1.053
topic_295_lag1         0.8400      1.998      0.420      0.674      -3.077       4.757
topic_297_lag1         0.9917      1.003      0.988      0.323      -0.976       2.959
topic_299_lag1        -2.1507      2.000     -1.076      0.282      -6.071       1.770
topic_302_lag1         0.3781      1.996      0.189      0.850      -3.535       4.291
topic_303_lag1         5.0448      1.998      2.524      0.012       1.127       8.963
topic_304_lag1        -0.3508      0.642     -0.546      0.585      -1.610       0.909
topic_306_lag1         0.7920      1.997      0.397      0.692      -3.122       4.707
topic_308_lag1        -0.4242      1.997     -0.212      0.832      -4.339       3.490
topic_309_lag1        -1.2075      1.418     -0.851      0.395      -3.989       1.574
topic_310_lag1         0.6749      2.003      0.337      0.736      -3.253       4.602
topic_311_lag1         0.0172      0.528      0.033      0.974      -1.018       1.053
topic_312_lag1        -1.7498      1.157     -1.513      0.130      -4.018       0.518
topic_313_lag1        -0.7394      1.414     -0.523      0.601      -3.512       2.033
topic_314_lag1        -0.1268      1.996     -0.064      0.949      -4.040       3.786
topic_315_lag1         0.1081      1.415      0.076      0.939      -2.667       2.883
topic_316_lag1         0.6642      0.511      1.300      0.194      -0.338       1.666
topic_318_lag1         0.0434      1.157      0.038      0.970      -2.225       2.312
topic_319_lag1        -0.8987      0.899     -1.000      0.317      -2.661       0.863
topic_320_lag1        -1.5413      2.002     -0.770      0.441      -5.467       2.385
topic_321_lag1        -1.5953      1.414     -1.128      0.259      -4.368       1.178
topic_324_lag1         2.9193      1.426      2.048      0.041       0.124       5.715
topic_326_lag1        -0.3240      0.905     -0.358      0.720      -2.098       1.450
topic_328_lag1         1.8554      1.157      1.604      0.109      -0.413       4.124
topic_330_lag1        -4.0978      1.436     -2.853      0.004      -6.914      -1.281
topic_333_lag1         0.5641      0.898      0.628      0.530      -1.196       2.324
topic_334_lag1         4.4498      1.998      2.227      0.026       0.532       8.367
topic_336_lag1         0.2658      1.157      0.230      0.818      -2.003       2.534
topic_340_lag1        -2.9251      1.415     -2.067      0.039      -5.699      -0.151
topic_342_lag1         0.3922      1.998      0.196      0.844      -3.525       4.310
topic_345_lag1         0.6660      0.820      0.812      0.417      -0.942       2.274
topic_346_lag1         1.0545      2.003      0.527      0.599      -2.872       4.981
topic_349_lag1         1.2377      1.427      0.867      0.386      -1.560       4.035
topic_351_lag1        -1.4614      1.427     -1.024      0.306      -4.260       1.337
topic_352_lag1        -1.6109      1.999     -0.806      0.420      -5.530       2.308
topic_353_lag1         0.6881      1.157      0.595      0.552      -1.581       2.957
topic_354_lag1         2.0385      1.998      1.020      0.308      -1.879       5.956
topic_357_lag1         0.1428      1.414      0.101      0.920      -2.630       2.916
topic_359_lag1         4.9598      2.004      2.475      0.013       1.030       8.890
topic_360_lag1         1.0142      2.000      0.507      0.612      -2.907       4.936
topic_361_lag1        -1.2348      1.418     -0.871      0.384      -4.014       1.545
topic_363_lag1        -0.9747      1.996     -0.488      0.625      -4.888       2.938
topic_365_lag1         1.6122      1.996      0.808      0.419      -2.301       5.525
topic_367_lag1        -2.0102      1.998     -1.006      0.314      -5.928       1.907
topic_370_lag1        -0.4046      2.004     -0.202      0.840      -4.334       3.524
topic_371_lag1        -2.4220      1.415     -1.712      0.087      -5.196       0.352
topic_372_lag1        -1.2785      1.999     -0.640      0.522      -5.198       2.640
topic_373_lag1        -0.6765      1.996     -0.339      0.735      -4.590       3.237
topic_375_lag1         0.3706      1.420      0.261      0.794      -2.413       3.154
==============================================================================
Omnibus:                      246.772   Durbin-Watson:                   0.887
Prob(Omnibus):                  0.000   Jarque-Bera (JB):             1163.754
Skew:                           0.058   Prob(JB):                    1.97e-253
Kurtosis:                       5.732   Cond. No.                         77.1
==============================================================================

Notes:
[1] Standard Errors assume that the covariance matrix of the errors is correctly specified.