                            OLS Regression Results                            
==============================================================================
Dep. Variable:           daily_return   R-squared:                       0.001
Model:                            OLS   Adj. R-squared:                 -0.000
Method:                 Least Squares   F-statistic:                    0.9178
Date:                Sat, 09 May 2026   Prob (F-statistic):              0.709
Time:                        18:05:35   Log-Likelihood:            -1.6607e+05
No. Observations:               80268   AIC:                         3.324e+05
Df Residuals:                   80167   BIC:                         3.333e+05
Df Model:                         100                                         
Covariance Type:            nonrobust                                         
======================================================================================
                         coef    std err          t      P>|t|      [0.025      0.975]
--------------------------------------------------------------------------------------
Intercept              0.0271      0.035      0.782      0.434      -0.041       0.095
C(ticker)[T.BAC]       0.0284      0.049      0.580      0.562      -0.068       0.124
C(ticker)[T.BACHY]    -0.0033      0.049     -0.067      0.947      -0.099       0.093
C(ticker)[T.BCMXY]     0.0473      0.071      0.664      0.507      -0.092       0.187
C(ticker)[T.BCS]       0.0097      0.049      0.198      0.843      -0.086       0.106
C(ticker)[T.BK]        0.0321      0.049      0.657      0.511      -0.064       0.128
C(ticker)[T.BNPQY]     0.0054      0.049      0.110      0.912      -0.091       0.101
C(ticker)[T.C]         0.0240      0.049      0.490      0.624      -0.072       0.120
C(ticker)[T.CICHY]    -0.0010      0.049     -0.020      0.984      -0.097       0.095
C(ticker)[T.DB]       -0.0075      0.049     -0.154      0.878      -0.103       0.088
C(ticker)[T.GS]        0.0463      0.049      0.945      0.344      -0.050       0.142
C(ticker)[T.HSBC]      0.0042      0.049      0.085      0.932      -0.092       0.100
C(ticker)[T.IDCBY]    -0.0057      0.049     -0.116      0.908      -0.102       0.090
C(ticker)[T.ING]       0.0213      0.049      0.436      0.663      -0.075       0.117
C(ticker)[T.JPM]       0.0394      0.049      0.805      0.421      -0.057       0.135
C(ticker)[T.MFG]       0.0100      0.049      0.204      0.838      -0.086       0.106
C(ticker)[T.MS]        0.0531      0.049      1.086      0.278      -0.043       0.149
C(ticker)[T.MUFG]      0.0245      0.049      0.500      0.617      -0.071       0.120
C(ticker)[T.RY]        0.0141      0.049      0.288      0.774      -0.082       0.110
C(ticker)[T.SAN]       0.0081      0.049      0.166      0.869      -0.088       0.104
C(ticker)[T.SCBFF]     0.0274      0.052      0.530      0.596      -0.074       0.129
C(ticker)[T.SCGLY]     0.0094      0.049      0.192      0.848      -0.087       0.105
C(ticker)[T.SMFG]      0.0182      0.049      0.371      0.710      -0.078       0.114
C(ticker)[T.STT]       0.0173      0.049      0.353      0.724      -0.079       0.113
C(ticker)[T.TD]        0.0096      0.049      0.197      0.844      -0.086       0.106
C(ticker)[T.UBS]       0.0126      0.049      0.257      0.797      -0.083       0.109
C(ticker)[T.WFC]       0.0070      0.049      0.144      0.886      -0.089       0.103
topic_0_lag1          -0.1589      0.606     -0.262      0.793      -1.347       1.030
topic_1_lag1          -0.1984      1.107     -0.179      0.858      -2.368       1.971
topic_2_lag1           0.9299      1.156      0.804      0.421      -1.336       3.196
topic_4_lag1          -0.6392      1.001     -0.638      0.523      -2.602       1.323
topic_5_lag1          -0.0773      1.107     -0.070      0.944      -2.248       2.093
topic_9_lag1          -0.8309      1.917     -0.433      0.665      -4.589       2.927
topic_10_lag1         -0.0167      1.917     -0.009      0.993      -3.774       3.741
topic_14_lag1         -0.8662      1.356     -0.639      0.523      -3.523       1.791
topic_15_lag1         -1.2112      1.917     -0.632      0.528      -4.969       2.547
topic_16_lag1         -0.0452      1.917     -0.024      0.981      -3.803       3.712
topic_17_lag1         -1.4072      1.213     -1.161      0.246      -3.784       0.969
topic_18_lag1          0.9812      1.917      0.512      0.609      -2.776       4.739
topic_19_lag1          0.6723      0.452      1.488      0.137      -0.213       1.558
topic_22_lag1         -0.0795      0.430     -0.185      0.853      -0.921       0.762
topic_27_lag1         -1.0913      1.356     -0.805      0.421      -3.748       1.566
topic_34_lag1          1.9919      1.917      1.039      0.299      -1.766       5.750
topic_35_lag1          0.0656      1.917      0.034      0.973      -3.692       3.823
topic_39_lag1          2.7810      1.917      1.451      0.147      -0.977       6.539
topic_43_lag1         -1.1993      1.917     -0.626      0.532      -4.957       2.558
topic_46_lag1          0.6624      1.107      0.598      0.550      -1.507       2.832
topic_47_lag1          0.8374      1.917      0.437      0.662      -2.920       4.595
topic_48_lag1         -0.9787      1.356     -0.722      0.470      -3.636       1.679
topic_54_lag1          1.1592      1.917      0.605      0.545      -2.598       4.917
topic_58_lag1          0.0640      0.857      0.075      0.941      -1.617       1.745
topic_59_lag1          0.1968      1.917      0.103      0.918      -3.561       3.954
topic_60_lag1         -1.5444      1.917     -0.806      0.421      -5.302       2.213
topic_61_lag1          0.6371      1.917      0.332      0.740      -3.121       4.395
topic_73_lag1          0.4924      1.485      0.332      0.740      -2.418       3.403
topic_81_lag1         -2.2265      1.917     -1.161      0.246      -5.984       1.531
topic_90_lag1          1.6038      1.917      0.837      0.403      -2.154       5.362
topic_93_lag1         -0.3724      0.983     -0.379      0.705      -2.300       1.555
topic_94_lag1          0.6979      1.917      0.364      0.716      -3.060       4.456
topic_96_lag1         -1.2170      1.917     -0.635      0.526      -4.975       2.541
topic_99_lag1          0.1156      0.495      0.233      0.815      -0.855       1.086
topic_106_lag1         0.5957      1.917      0.311      0.756      -3.162       4.353
topic_115_lag1        -0.0381      0.532     -0.072      0.943      -1.080       1.004
topic_118_lag1        -0.3205      0.480     -0.668      0.504      -1.262       0.621
topic_130_lag1         0.1809      1.917      0.094      0.925      -3.577       3.939
topic_136_lag1        -0.1751      1.917     -0.091      0.927      -3.933       3.583
topic_146_lag1        -0.4833      1.917     -0.252      0.801      -4.241       3.274
topic_148_lag1        -0.1332      0.678     -0.196      0.844      -1.462       1.195
topic_160_lag1         3.2721      1.917      1.707      0.088      -0.486       7.030
topic_171_lag1        -0.6613      1.107     -0.597      0.550      -2.831       1.508
topic_178_lag1        -1.0798      1.107     -0.976      0.329      -3.249       1.090
topic_179_lag1         5.6330      1.107      5.089      0.000       3.464       7.803
topic_184_lag1        -0.0646      1.917     -0.034      0.973      -3.822       3.693
topic_197_lag1        -1.9920      1.917     -1.039      0.299      -5.750       1.766
topic_207_lag1        -0.6001      0.880     -0.682      0.495      -2.324       1.124
topic_213_lag1         0.6747      0.783      0.862      0.389      -0.859       2.209
topic_239_lag1        -1.1497      0.496     -2.319      0.020      -2.121      -0.178
topic_243_lag1         0.5941      0.959      0.620      0.535      -1.285       2.473
topic_249_lag1         0.5432      0.959      0.567      0.571      -1.336       2.422
topic_251_lag1         1.4683      0.857      1.713      0.087      -0.212       3.149
topic_253_lag1         2.3961      1.917      1.250      0.211      -1.362       6.154
topic_262_lag1        -0.2815      1.356     -0.208      0.836      -2.939       2.376
topic_263_lag1        -1.3297      1.107     -1.201      0.230      -3.499       0.840
topic_266_lag1         0.3949      1.917      0.206      0.837      -3.363       4.153
topic_277_lag1        -0.6062      1.107     -0.548      0.584      -2.776       1.563
topic_287_lag1        -0.4074      0.725     -0.562      0.574      -1.828       1.013
topic_298_lag1        -0.5971      0.959     -0.623      0.533      -2.476       1.282
topic_315_lag1        -1.0508      0.783     -1.343      0.179      -2.585       0.483
topic_318_lag1        -0.1327      1.917     -0.069      0.945      -3.890       3.625
topic_323_lag1         5.6330      1.107      5.089      0.000       3.464       7.803
topic_331_lag1         0.9202      1.107      0.831      0.406      -1.249       3.090
topic_332_lag1         0.8809      1.917      0.459      0.646      -2.877       4.639
topic_333_lag1         1.6281      1.107      1.471      0.141      -0.541       3.798
topic_372_lag1         0.0597      0.857      0.070      0.945      -1.621       1.740
topic_395_lag1        -0.6837      1.356     -0.504      0.614      -3.341       1.973
topic_396_lag1        -0.2761      1.107     -0.249      0.803      -2.446       1.893
topic_404_lag1         1.0091      0.783      1.289      0.197      -0.525       2.543
topic_412_lag1        -0.5971      0.959     -0.623      0.533      -2.476       1.282
topic_428_lag1        -0.0140      1.917     -0.007      0.994      -3.772       3.744
topic_454_lag1        -1.6138      0.725     -2.227      0.026      -3.034      -0.193
topic_458_lag1        -0.6354      1.917     -0.331      0.740      -4.393       3.122
topic_465_lag1         0.9012      1.917      0.470      0.638      -2.856       4.659
topic_467_lag1        -0.5196      1.356     -0.383      0.701      -3.177       2.137
==============================================================================
Omnibus:                    15173.204   Durbin-Watson:                   1.175
Prob(Omnibus):                  0.000   Jarque-Bera (JB):           445395.635
Skew:                          -0.090   Prob(JB):                         0.00
Kurtosis:                      14.539   Cond. No.                     1.83e+16
==============================================================================

Notes:
[1] Standard Errors assume that the covariance matrix of the errors is correctly specified.
[2] The smallest eigenvalue is 2.48e-28. This might indicate that there are
strong multicollinearity problems or that the design matrix is singular.